"","AGE","EDU","GENDER","SEXUAL_ORIENTATION","RELATIONSHIP","SOI_1","SOI_2","SOI_3","SOI_4","SOI_5","SOI_6","SOI_7","SOI_8","SOI_9"
"1","24",4,"F","0",0,4,3,4,8,7,2,7,5,4
"2","23",4,"F","0",1,2,3,3,6,3,6,3,2,2
"3","21",4,"M","1",1,2,5,7,9,7,1,6,7,5
"4","24",4,"F","0",1,2,2,4,8,6,2,4,3,3
"5","27",4,"F","1",0,6,1,5,9,3,2,4,4,2
"6","23",4,"F","0",1,2,1,1,9,6,1,5,2,3
"7","25",4,"F","1",1,2,6,7,9,9,1,2,2,3
"8","25",4,"F","0",0,3,5,6,7,7,2,7,4,2
"9","26",4,"M","0",1,2,4,5,9,9,1,5,1,2
"10","23",4,"F","1",0,2,2,4,8,3,4,8,4,5
"11","36",6,"M","0",0,2,3,2,9,8,1,6,4,3
"12","38",6,"M","0",1,2,3,4,8,4,3,5,4,5
"13","37",5,"M","0",1,1,1,1,9,8,1,7,7,7
"14","39",4,"F","0",1,1,1,1,1,1,1,1,1,2
"15","38",4,"M","0",1,2,1,1,6,7,2,7,7,2
"16","38",6,"F","0",1,2,2,1,9,7,1,4,2,3
"17","34",6,"M","0",1,2,4,6,8,8,2,6,6,7
"18","23",4,"F","0",1,2,1,1,2,2,7,5,3,2
"19","27",5,"F","0",1,2,1,1,1,1,9,2,2,1
"20","41",6,"F","0",1,2,1,1,3,2,2,2,1,1
"21","29",5,"M","0",1,2,1,1,3,3,4,5,2,6
"22","28",5,"F","0",1,2,1,1,7,5,3,2,2,3
"23","24",3,"M","0",1,2,6,6,4,5,3,2,2,1
"24","28",5,"F","0",1,2,1,1,9,1,5,2,3,2
"25","28",5,"M","0",1,2,1,1,7,7,3,7,4,6
"26","29",6,"F","0",1,2,1,1,3,1,5,2,2,1
"27","42",6,"F","0",1,2,2,1,1,1,9,1,1,1
"28","27",4,"F","1",1,2,5,5,8,8,2,4,3,2
"29","31",6,"F","0",0,2,2,4,5,4,2,7,7,4
"30","31",5,"F","0",1,1,1,1,5,1,9,1,1,1
"31","42",6,"M","0",1,2,1,3,7,7,1,5,9,6
"32","33",6,"F","0",0,2,1,2,3,2,3,6,2,2
"33","54",5,"M","0",1,2,4,4,7,9,1,7,7,7
"34","51",6,"M","1",1,4,3,3,8,7,1,6,6,3
"35","26",4,"F","0",0,1,1,1,7,2,8,4,3,4
"36","24",4,"F","0",0,3,2,2,9,9,1,6,6,2
"37","25",4,"F","0",0,5,2,2,4,2,5,5,4,2
"38","24",4,"F","0",0,3,7,8,9,9,1,7,5,4
"39","23",4,"F","0",0,3,1,3,8,7,2,5,6,2
"40","23",4,"F","0",1,2,1,1,8,2,8,2,1,1
"41","25",4,"F","0",1,2,1,1,9,6,3,5,4,3
"42","27",4,"F","0",0,1,1,3,8,8,2,3,4,2
"43","24",4,"F","0",0,3,2,3,8,6,2,6,5,2
"44","26",4,"M","1",0,2,4,3,8,7,3,4,4,2
"45","24",4,"F","0",1,2,2,1,8,6,1,4,4,6
"46","29",6,"F","0",1,2,1,1,3,1,5,2,2,1
"47","43",5,"F","1",1,2,2,5,9,7,7,8,2,4
"48","35",6,"M","0",1,2,4,2,5,7,3,7,5,5
"49","33",6,"F","0",1,2,1,1,9,7,6,3,2,2
"50","28",5,"M","0",0,3,2,3,9,9,1,8,8,8
"51","35",6,"M","0",1,2,1,1,9,5,5,7,5,5
"52","29",3,"M","0",0,2,1,2,9,6,5,8,2,7
"53","31",5,"F","0",1,2,2,5,1,1,1,1,1,1
"54","23",4,"F","0",0,4,2,2,8,7,2,5,6,4
"55","27",4,"F","0",0,1,2,3,8,7,2,4,4,2
"56","23",4,"F","0",1,2,1,1,9,3,3,6,4,4
"57","26",4,"F","1",1,2,3,3,3,6,5,3,2,2
"58","23",4,"F","0",1,2,1,1,5,2,8,3,1,2
"59","26",4,"F","0",0,1,1,1,7,2,8,4,5,6
"60","27",4,"F","1",1,6,2,4,9,3,2,2,3,2
"61","23",4,"F","1",0,2,2,1,2,2,8,5,2,2
"62","32",4,"F","0",1,1,1,1,3,2,3,7,1,1
"63","24",4,"F","0",1,2,2,5,7,6,2,3,2,2
"64","22",4,"F","1",1,2,2,1,8,4,4,6,2,2
"65","24",4,"F","0",1,2,6,5,8,7,2,5,2,1
"66","26",4,"M","1",0,2,3,2,7,6,3,2,3,1
"67","26",4,"M","0",1,2,4,5,9,9,1,5,2,2
"68","25",4,"F","1",1,2,6,7,9,9,1,2,2,3
"69","24",4,"F","0",0,1,2,2,7,3,5,2,2,2
"70","25",4,"F","0",1,2,1,1,7,4,5,2,2,2
"71","25",4,"F","0",0,4,1,2,4,2,6,6,8,2
"72","31",5,"F","0",1,2,2,5,1,1,1,2,2,1
"73","25",4,"F","0",0,4,1,2,4,2,6,6,8,2
"74","25",4,"F","0",0,4,1,2,4,2,6,6,8,2
"75","23",4,"F","1",1,3,1,3,8,6,2,7,6,5
"76","35",6,"M","0",1,2,2,1,6,7,4,8,5,3
"77","28",5,"M","0",0,3,2,3,9,9,1,8,8,8
"78","35",6,"M","0",1,2,1,2,8,8,2,7,6,6
"79","40",4,"F","0",1,2,1,3,5,3,7,2,2,2
"80","24",4,"F","0",1,2,2,1,8,6,2,3,2,4
"81","27",4,"M","0",1,2,6,7,3,1,1,9,9,3
"82","24",4,"F","1",1,2,4,7,9,9,1,5,2,2
"83","27",4,"M","0",1,2,6,7,9,9,1,7,3,2
"84","21",3,"M","1",1,2,9,8,9,9,1,7,6,8
"85","23",4,"M","0",0,1,3,3,5,4,3,3,4,3
"86","23",4,"F","0",1,2,3,3,5,3,4,3,2,2
"87","24",4,"F","1",0,3,2,3,8,6,4,8,4,4
"88","23",4,"F","0",1,2,3,3,5,3,4,3,2,2
"89","58",4,"F","0",1,1,2,2,2,1,8,3,2,2
"90","25",5,"M","0",1,2,1,1,3,3,7,2,1,2
"91","25",5,"F","0",1,2,1,1,9,5,1,2,2,1
"92","50",3,"F","0",1,1,1,1,7,1,6,2,1,1
"93","28",5,"M","0",1,2,3,1,5,5,3,3,2,2
"94","23",3,"M","1",0,1,1,1,3,1,4,8,4,4
"95","23",3,"M","1",0,8,3,9,4,7,1,8,6,6
"96","34",5,"M","0",1,2,2,1,6,2,7,2,2,2
"97","23",4,"F","0",0,1,1,1,5,2,6,5,5,6
"98","22",4,"F","0",0,1,1,1,4,2,6,8,7,4
"99","25",5,"M","0",1,2,1,1,3,3,7,2,1,2
"100","54",5,"M","0",1,2,4,4,7,9,1,7,7,7
"101","29",4,"F","0",0,5,5,7,5,2,4,2,2,2
"102","24",4,"M","1",0,4,4,2,5,3,7,4,3,2
"103","24",4,"F","0",0,1,2,1,3,4,5,2,2,2
"104","23",4,"F","1",0,2,1,1,4,3,6,7,5,4
"105","23",4,"F","0",1,2,1,1,8,2,8,2,1,1
"106","31",4,"F","0",1,3,6,7,6,6,3,8,7,7
"107","26",4,"F","1",1,1,1,1,3,3,4,2,2,2
"108","32",4,"F","0",1,1,3,2,6,4,3,2,1,2
"109","25",4,"F","1",1,3,1,4,8,8,2,6,3,2
"110","22",4,"F","1",1,2,2,1,8,6,5,6,2,2
"111","26",4,"F","0",0,2,1,1,7,2,7,3,6,2
"112","22",3,"F","0",0,1,1,1,1,1,8,2,1,1
"113","25",3,"F","0",0,2,2,1,4,1,6,2,2,1
"114","22",3,"F","0",0,4,2,2,5,1,6,8,7,2
"115","22",3,"F","0",1,2,1,1,2,1,8,1,1,1
"116","22",3,"F","0",1,2,1,3,7,6,6,2,2,1
"117","28",3,"F","0",1,1,1,2,1,1,3,1,1,1
"118","21",3,"F","0",1,2,2,2,5,2,8,1,2,1
"119","22",3,"F","0",0,4,2,2,5,1,6,8,7,2
"120","22",3,"F","0",0,4,2,2,5,1,6,8,7,2
"121","21",3,"F","0",0,2,2,1,8,4,2,8,4,4
"122","21",3,"F","1",1,2,1,1,8,3,7,1,1,2
"123","23",3,"F","1",1,3,1,1,2,1,4,2,2,1
"124","31",3,"F","1",1,3,1,1,2,1,9,2,2,2
"125","21",3,"F","1",1,2,1,1,8,2,2,1,1,1
"126","21",3,"F","0",1,2,2,1,6,2,7,2,2,2
"127","21",3,"F","0",1,2,2,1,6,2,7,2,2,2
"128","23",3,"F","0",0,3,2,2,5,6,2,4,5,4
"129","25",3,"F","0",0,2,2,1,4,1,6,2,2,1
"130","25",3,"F","0",0,2,2,1,4,1,6,2,2,1
"131","26",3,"F","1",1,5,3,3,9,8,1,5,2,2
"132","31",3,"F","1",1,3,1,1,2,1,9,2,2,2
"133","25",4,"F","0",1,2,1,1,8,5,6,2,2,2
"134","22",3,"F","0",0,4,2,2,5,1,6,8,7,2
"135","25",4,"F","0",0,4,1,2,3,3,4,5,6,1
"136","22",3,"F","0",0,4,2,2,5,5,3,5,2,2
"137","28",3,"F","0",1,1,1,2,1,1,3,1,1,1
"138","26",3,"F","1",1,2,5,6,8,8,2,7,3,2
"139","24",4,"F","0",1,2,6,5,8,7,3,3,2,2
"140","25",4,"F","0",1,2,1,1,9,3,4,5,3,3
"141","22",3,"F","1",0,1,2,1,3,2,6,7,7,7
"142","22",4,"M","0",0,1,1,1,3,1,5,2,2,2
"143","20",3,"M","1",1,2,8,8,9,8,1,6,2,7
"144","27",4,"M","0",1,2,6,7,7,9,1,7,4,2
"145","23",4,"M","0",0,1,1,1,5,4,3,3,3,3
"146","24",4,"F","0",1,2,3,3,5,3,5,2,2,2
"147","24",4,"F","0",1,2,3,3,5,3,5,2,2,2
"148","58",2,"F","0",1,1,1,1,2,1,2,2,4,2
"149","50",3,"F","0",1,2,1,1,6,1,2,2,2,2
"150","23",3,"M","1",0,8,3,9,6,6,3,7,5,4
"151","28",5,"M","0",1,2,3,3,4,4,6,2,2,2
"152","25",5,"M","0",1,2,1,1,3,4,6,2,1,3
"153","25",5,"F","0",1,2,1,1,9,6,5,2,2,1
"154","25",5,"F","0",1,2,1,1,9,6,5,2,2,1
"155","23",3,"M","1",0,1,2,1,2,2,8,7,2,3
"156","23",4,"F","0",0,1,1,1,4,1,3,7,7,4
"157","24",4,"F","1",1,2,4,7,9,8,1,3,2,3
"158","24",4,"M","1",0,5,5,3,5,3,4,4,2,3
"159","28",5,"F","0",1,2,1,1,9,1,5,3,2,3
"160","21",3,"F","1",1,2,1,1,7,3,7,2,2,2
"161","24",3,"F","1",1,3,1,1,4,2,7,2,2,2
"162","21",3,"F","1",1,2,1,1,7,3,7,2,2,2
"163","22",3,"F","0",0,4,1,2,7,4,4,2,1,2
"164","26",3,"F","1",1,5,3,3,9,9,1,4,2,2
"165","38",4,"F","0",0,1,1,1,3,1,6,4,2,2
"166","23",4,"F","0",1,2,1,3,9,7,2,2,8,1
"167","23",4,"M","0",1,3,3,4,4,2,5,4,4,4
"168","24",4,"F","1",0,2,2,3,7,1,2,7,7,2
"169","22",4,"F","0",0,1,4,3,5,2,3,4,4,3
"170","23",4,"M","0",1,3,3,4,4,2,5,4,4,4
"171","25",4,"F","0",1,2,1,3,3,1,3,1,1,1
"172","24",3,"M","0",0,1,1,1,7,1,4,7,2,4
"173","23",4,"M","0",1,3,2,2,3,3,5,4,3,3
"174","23",4,"F","0",1,1,1,2,9,7,3,2,8,1
"175","22",4,"F","0",0,1,4,2,4,2,1,4,4,2
"176","25",4,"F","0",1,1,1,3,6,1,3,1,1,1
"177","24",4,"F","1",0,2,2,2,7,2,7,7,7,4
"178","38",4,"F","0",0,1,1,1,1,1,6,4,2,1
"179","24",3,"M","0",0,1,1,1,7,3,4,1,1,1
"180","24",4,"M","0",1,2,1,3,8,5,1,2,1,2
"181","22",3,"F","0",1,2,2,1,5,1,9,2,1,1
"182","23",4,"F","0",1,2,2,1,1,1,8,2,1,1
"183","24",4,"F","0",0,1,1,1,2,1,4,2,2,1
"184","23",4,"F","0",1,2,2,1,1,1,9,1,1,1
"185","28",4,"F","0",1,2,1,1,7,3,4,2,2,2
"186","22",3,"F","0",1,2,2,1,5,1,9,2,1,1
"187","24",4,"M","0",1,2,4,3,7,3,3,2,1,2
"188","28",4,"M","1",0,3,2,7,3,5,5,6,4,2
"189","23",4,"F","0",1,2,1,1,1,1,7,2,1,1
"190","24",4,"F","0",0,2,1,1,5,8,1,1,1,1
"191","28",4,"F","0",1,1,1,1,7,3,4,2,2,2
"192","24",3,"F","0",1,2,1,1,8,6,2,6,6,6
"193","23",3,"F","0",0,6,6,8,8,7,1,6,5,4
"194","26",3,"M","0",1,2,8,8,9,7,2,5,6,6
"195","24",3,"F","0",0,3,1,2,9,1,3,5,3,3
"196","24",2,"M","1",0,1,1,1,1,3,5,2,7,3
"197","23",3,"F","0",1,2,1,2,8,6,5,4,2,2
"198","25",2,"F","0",1,2,2,3,6,6,3,2,2,2
"199","23",3,"F","0",1,2,2,6,7,6,4,4,3,2
"200","23",3,"F","0",0,1,1,1,9,7,1,8,7,2
"201","23",3,"F","0",0,4,1,4,8,7,3,7,5,5
"202","28",3,"F","0",1,2,1,1,5,1,9,2,1,1
"203","23",3,"F","0",0,2,2,3,8,8,4,2,2,2
"204","27",2,"M","0",1,2,2,1,2,1,6,2,1,1
"205","23",4,"F","0",1,2,1,1,4,3,7,5,3,4
"206","28",4,"M","0",0,5,1,3,9,9,1,4,1,2
"207","25",2,"F","0",0,1,1,1,4,1,4,4,5,4
"208","20",2,"F","0",0,3,2,2,2,1,4,7,4,3
"209","23",2,"F","0",0,2,2,2,9,9,1,4,2,2
"210","23",2,"F","0",0,2,1,1,9,8,1,7,7,4
"211","24",2,"F","0",0,4,4,6,9,6,2,8,7,6
"212","23",2,"F","0",0,6,3,7,9,9,1,9,8,5
"213","23",2,"F","0",1,1,1,1,7,2,2,7,2,2
"214","23",3,"F","0",0,2,1,1,7,1,9,2,2,1
"215","26",3,"F","1",1,3,6,6,9,9,1,7,7,2
"216","19",2,NA,"1",1,2,2,1,7,8,2,7,6,6
"217","23",3,"M","0",0,1,1,1,7,2,7,3,2,2
"218","24",2,"F","0",0,2,2,1,4,3,5,6,6,4
"219","23",2,"F","0",1,2,1,1,5,1,7,3,2,2
"220","24",2,"F","1",1,2,2,3,9,5,4,9,6,6
"221","23",2,"F","1",1,2,2,8,9,9,1,6,6,4
"222","30",3,"M","0",0,2,1,2,5,4,1,8,6,7
"223","25",4,"F","0",1,4,1,2,9,7,4,1,2,2
"224","23",3,"M","0",1,2,1,1,8,2,3,7,2,3
"225","22",2,"M","0",0,2,2,2,5,7,4,5,3,3
"226","20",2,"F","1",0,1,3,3,9,6,1,6,6,4
"227","24",2,"F","1",1,2,4,6,9,9,1,5,3,5
"228","23",4,"F","0",1,1,3,2,9,6,2,5,4,5
"229","26",4,"F","0",1,2,1,2,6,2,5,3,3,2
"230","25",2,"F","0",1,2,2,7,9,8,2,6,2,3
"231","23",3,"F","1",0,1,1,1,3,2,5,5,3,2
"232","23",3,"M","0",1,1,1,1,7,2,7,5,1,2
"233","23",3,"F","0",0,2,2,2,8,6,6,3,1,2
"234","29",2,"M","0",0,1,3,1,1,1,7,7,6,7
"235","24",3,"F","0",0,3,3,2,1,2,8,4,5,4
"236","23",3,"F","0",1,2,5,4,5,2,8,2,2,2
"237","25",4,"F","0",0,2,2,2,9,1,2,2,1,1
"238","22",2,"F","0",1,2,2,1,8,8,3,4,2,2
"239","21",2,"F","1",0,1,2,1,9,8,2,5,2,1
"240","26",4,"F","0",0,1,2,4,7,2,6,3,3,3
"241","23",3,"M","0",1,2,1,1,9,5,3,1,2,1
"242","22",3,"F","0",1,2,2,2,7,4,3,2,2,1
"243","25",3,"F","0",0,3,2,3,9,1,6,8,4,9
"244","24",4,"F","0",1,2,2,2,9,1,3,2,1,1
"245","26",4,"F","0",1,2,6,7,9,9,1,4,4,3
"246","22",2,"F","0",0,2,2,3,5,2,4,8,4,7
"247","26",3,"M","1",0,4,7,6,7,8,7,9,4,7
"248","24",4,"F","0",1,6,7,8,9,9,1,6,4,3
"249","23",3,"F","0",1,2,1,1,6,2,6,2,3,2
"250","25",4,"F","0",1,2,1,2,9,2,2,4,3,2
"251","20",2,"F","0",1,2,1,1,9,6,3,3,2,2
"252","24",2,"F","0",0,3,3,5,7,8,1,8,7,8
"253","23",2,"F","0",0,1,1,3,3,5,3,9,4,3
"254","22",2,"F","0",1,5,2,3,9,7,3,4,3,3
"255","24",2,"M","1",0,6,6,5,7,6,3,8,7,7
"256","24",3,"M","0",0,3,2,6,3,9,3,9,6,9
"257","24",3,"F","0",0,3,2,2,8,8,1,4,4,5
"258","25",2,"F","0",0,3,4,5,9,8,2,6,4,2
"259","24",3,"M","0",0,1,1,1,9,1,9,2,1,1
"260","24",2,"F","0",0,2,2,1,5,3,6,7,7,6
"261","24",2,"M","0",1,2,1,1,9,9,1,6,7,4
"262","25",3,"F","0",1,2,2,1,3,1,5,5,2,2
"263","28",4,"F","0",0,2,2,1,9,1,1,6,2,1
"264","27",3,"F","0",1,2,2,2,2,1,6,2,2,1
"265","24",4,"F","0",1,2,1,1,9,1,5,2,1,1
"266","25",3,"F","0",0,2,2,1,9,2,2,6,2,2
"267","25",4,"M","0",0,1,1,3,7,3,7,6,2,2
"268","24",2,"F","1",1,2,2,2,9,6,2,5,2,1
"269","25",4,"F","1",0,3,1,4,7,3,4,7,7,9
"270","24",3,"M","0",0,9,7,8,5,8,2,8,7,7
"271","29",3,"F","0",1,2,1,3,4,3,4,3,3,2
"272","22",3,"F","1",0,1,1,1,9,6,4,7,3,5
"273","37",2,"M","0",0,1,2,2,3,3,7,8,8,7
"274","22",3,"M","0",1,2,1,1,9,9,1,4,2,2
"275","37",3,"F","0",1,2,1,1,8,3,5,4,2,3
"276","25",4,"F","0",0,2,2,2,7,7,2,2,3,3
"277","25",4,"F","0",1,2,2,1,9,8,3,6,4,3
"278","23",3,"F","1",0,2,1,3,6,5,4,7,5,2
"279","24",2,"F","0",0,3,2,4,9,6,4,6,7,5
"280","37",3,"F","0",1,2,5,5,2,7,1,3,5,4
"281","24",2,"F","0",0,1,4,6,8,7,2,3,2,4
"282","21",2,"F","1",0,1,1,1,3,2,6,7,6,6
"283","19",2,"F","0",0,3,1,3,5,3,4,4,8,2
"284","23",3,"F","0",1,2,1,1,9,7,1,2,4,2
"285","24",3,"F","0",1,2,3,2,9,9,1,3,3,4
"286","24",2,"M","0",0,3,3,4,9,9,3,7,6,8
"287","26",4,"F","0",0,1,1,1,9,6,2,6,3,2
"288","21",2,"F","1",1,2,2,1,7,6,2,5,2,7
"289","25",2,"M","0",1,2,2,5,9,8,3,7,5,5
"290","28",4,"F","0",0,2,2,6,7,4,1,2,2,2
"291","26",4,"M","0",0,2,3,5,3,4,3,4,2,2
"292","21",2,"F","0",0,2,2,2,8,7,3,7,6,7
"293","24",2,"F","0",0,1,2,3,5,3,3,3,3,2
"294","24",4,"F","0",1,2,1,1,7,5,5,2,2,2
"295","27",2,"M","0",1,1,1,1,5,1,9,1,1,1
"296","31",3,"F","0",1,2,5,5,6,4,5,1,1,1
"297","22",3,"F","1",0,2,1,2,8,7,3,2,1,1
"298","24",3,"M","0",0,1,1,1,5,1,9,8,6,2
"299","23",2,"F","0",0,1,1,1,4,1,9,5,5,2
"300","24",3,"F","0",1,2,2,2,3,1,7,6,5,6
"301","24",3,"M","0",0,5,4,6,6,6,1,7,7,4
"302","26",2,"M","0",0,4,2,6,9,9,1,8,6,7
"303","27",2,"M","0",0,6,4,6,9,6,1,2,7,6
"304","38",4,"M","0",1,2,9,9,8,8,1,6,4,3
"305","28",3,"M","0",0,2,2,2,1,1,3,2,1,2
"306","26",4,"F","0",0,1,2,5,7,3,3,3,3,3
"307","29",2,"M","1",0,2,2,6,5,6,1,8,1,3
"308","28",4,"F","0",1,2,2,3,5,5,4,1,1,1
"309","25",4,"F","0",0,5,7,7,6,3,6,7,8,7
"310","25",3,"M","1",0,9,6,9,9,9,1,9,8,7
"311","25",3,"M","0",1,2,1,1,9,3,7,2,1,1
"312","26",4,"F","0",0,7,2,8,9,9,1,7,6,2
"313","26",4,"M","0",1,2,2,8,9,9,1,4,1,1
"314","25",2,"F","0",1,2,1,1,3,1,9,2,1,2
"315","25",4,"F","0",0,7,7,8,7,7,2,7,7,7
"316","25",3,"F","0",1,2,1,1,6,3,3,2,2,2
"317","27",4,"F","0",0,2,1,1,2,1,9,1,1,1
"318","22",2,"F","0",0,2,2,1,9,3,5,7,2,7
"319","26",4,"M","0",1,2,1,1,7,1,9,2,2,2
"320","22",3,"F","1",0,2,2,2,9,9,2,7,6,8
"321","26",3,"M","0",0,4,2,2,9,7,2,7,7,7
"322","24",3,"F","0",1,2,1,1,4,1,9,2,2,1
"323","23",3,"F","0",0,4,2,3,8,6,2,2,2,2
"324","25",4,"F","0",1,2,2,1,7,3,3,2,1,2
"325","22",2,"F","1",1,6,3,3,9,6,2,3,3,7
"326","22",3,"F","0",1,2,1,1,5,2,1,2,1,2
"327","26",3,"F","0",1,2,2,1,9,3,4,2,4,1
"328","23",3,"F","0",1,2,2,5,9,1,8,1,1,1
"329","23",3,"F","0",0,7,4,6,8,8,1,7,7,7
"330","24",3,"F","0",0,1,1,1,1,2,4,2,1,1
"331","26",4,"M","0",0,3,4,2,7,4,1,8,7,7
"332","34",2,"M","0",1,2,2,1,6,4,1,8,2,7
"333","23",3,"F","0",0,1,1,1,6,2,7,4,4,4
"334","26",3,"F","0",0,4,3,2,5,5,7,8,2,2
"335","22",3,"M","0",0,1,3,3,5,5,4,7,7,7
"336","23",3,"F","0",0,2,2,6,9,9,1,2,3,2
"337","25",3,"F","1",0,1,4,3,7,7,4,6,2,3
"338","24",3,"M","1",0,1,1,1,9,1,9,2,2,1
"339","26",2,"F","0",0,5,6,7,6,3,5,6,6,6
"340","36",4,"F","0",0,3,1,1,9,8,2,6,5,3
"341","19",2,"F","1",1,2,2,1,8,4,4,3,2,1
"342","27",3,"M","0",0,3,4,6,3,9,1,8,5,7
"343","47",4,"F","0",1,2,2,8,9,8,1,9,7,8
"344","37",1,"M","1",0,3,4,1,5,5,1,8,8,2
"345","45",2,"F","1",0,1,1,1,1,1,9,1,1,1
"346","22",3,"F","0",1,2,2,1,3,1,2,2,1,1
"347","26",4,"F","0",1,2,2,6,8,8,2,2,3,3
"348","35",4,"F","0",1,2,6,6,7,7,7,2,2,2
"349","34",2,"F","0",1,2,8,7,7,8,8,3,2,3
"350","24",4,"F","0",1,2,1,2,5,5,8,3,2,2
"351","25",2,"F","0",1,1,2,3,6,2,5,1,1,1
"352","33",1,"F","0",1,1,1,1,5,1,5,3,1,3
"353","23",3,"M","0",1,2,6,4,9,7,1,6,6,2
"354","24",3,"F","1",0,1,1,1,8,9,1,1,2,1
"355","30",4,"F","0",0,5,6,1,5,1,2,6,6,6
"356","24",2,"F","0",1,1,1,1,8,2,6,3,2,1
"357","28",4,"F","0",0,1,1,1,3,1,6,7,4,1
"358","37",3,"F","0",1,2,1,1,9,2,6,2,2,2
"359","38",4,"F","0",0,4,1,4,9,9,1,7,4,3
"360","24",3,"F","0",1,2,2,4,4,5,1,2,1,1
"361","19",2,"F","0",1,2,2,1,7,3,5,6,4,3
"362","26",4,"F","0",0,2,1,1,1,1,1,2,1,1
"363","25",3,"M","1",0,6,4,6,9,9,1,9,8,7
"364","40",4,"F","0",1,2,2,3,9,7,1,2,2,2
"365","23",3,"F","0",1,2,1,1,7,6,4,4,2,1
"366","29",3,"F","0",1,1,3,3,6,1,6,2,2,1
"367","26",2,"F","0",1,2,4,6,9,8,2,4,4,2
"368","38",4,"F","0",1,3,8,6,9,9,2,6,6,3
"369","24",2,"F","0",0,4,3,7,9,7,1,7,2,2
"370","29",4,"F","0",1,2,3,7,8,9,2,6,4,5
"371","24",4,"M","0",1,2,2,1,5,7,3,1,1,1
"372","24",3,"M","0",0,1,1,1,9,7,3,6,2,2
"373","31",4,"F","0",1,3,2,2,5,5,3,3,3,6
"374","34",2,"F","0",0,2,2,1,7,3,7,2,2,2
"375","30",4,"F","0",1,2,2,3,9,5,2,3,1,2
"376","59",4,NA,"1",1,2,2,1,5,1,8,2,2,2
"377","38",3,"F","0",0,2,2,2,7,4,6,3,2,2
"378","23",2,"F","0",1,2,2,1,1,1,9,1,1,1
"379","29",2,"F","0",1,2,2,1,9,5,2,2,1,2
"380","26",3,"F","0",0,2,3,7,7,5,3,4,4,4
"381","37",2,"F","0",1,2,2,1,9,6,1,4,2,2
"382","23",2,"M","1",0,2,1,1,8,7,3,6,2,2
"383","27",3,"F","0",0,2,2,1,8,5,5,4,4,2
"384","29",4,"F","0",1,2,1,2,7,1,3,6,2,2
"385","25",3,"F","1",0,2,2,6,9,7,3,5,4,2
"386","46",4,"F","0",1,2,9,7,8,8,4,3,4,4
"387","34",2,"F","0",1,2,1,4,9,6,2,9,8,5
"388","28",3,"F","0",1,2,5,5,8,2,8,2,1,2
"389","29",4,"F","0",1,2,3,2,7,3,2,5,3,3
"390","38",4,"F","0",1,2,1,1,5,1,2,2,2,2
"391","20",3,"M","0",1,2,1,1,3,9,1,2,1,1
"392","37",3,"F","0",1,2,1,2,9,9,1,2,2,1
"393","45",4,"F","0",0,2,2,4,7,4,3,3,2,2
"394","37",4,"F","0",0,2,2,1,3,1,9,2,2,1
"395","27",3,"F","0",1,2,1,2,9,2,2,2,1,1
"396","36",2,"F","0",1,1,2,1,5,1,1,1,1,2
"397","28",4,"F","0",0,2,1,1,5,2,6,3,2,3
"398","32",4,"F","0",1,2,1,1,5,2,8,6,2,2
"399","33",3,"F","1",1,2,2,4,6,4,4,4,2,4
"400","44",4,"F","0",1,2,2,4,7,5,8,2,3,2
"401","30",3,"F","0",1,2,6,8,9,7,1,7,6,5
"402","24",3,"F","0",1,2,2,2,6,2,7,3,2,2
"403","43",4,"F","0",1,3,8,5,9,7,6,3,7,7
"404","23",2,"F","1",1,3,8,4,9,9,1,5,8,4
"405","26",3,"F","0",1,1,2,1,7,1,8,2,1,3
"406","22",3,"F","0",1,2,1,2,7,1,5,2,1,1
"407","28",2,"F","0",1,2,2,2,3,1,9,3,9,4
"408","3q",3,"F","0",1,2,2,2,8,5,3,2,2,2
"409","25",2,"F","0",1,2,1,1,7,8,2,5,3,4
"410","25",4,"F","0",1,2,1,1,6,3,6,4,3,2
"411","24",3,"M","1",0,3,1,1,4,3,7,5,7,6
"412","35",4,"F","0",1,2,3,4,6,4,4,2,2,1
"413","27",4,"F","0",1,2,2,4,6,4,8,6,8,2
"414","42",3,"F","0",1,2,2,2,9,2,1,2,2,2
"415","48",4,"F","0",0,3,3,8,8,8,2,5,4,3
"416","29",3,"F","1",1,4,9,9,9,9,1,8,6,6
"417","28",4,"M","0",1,2,1,1,4,2,2,2,2,2
"418","40",3,"F","1",0,6,2,5,6,7,2,6,7,6
"419","33",3,"F","0",1,2,2,1,6,1,4,5,3,2
"420","34",4,"F","0",1,2,6,6,9,1,1,2,2,1
"421","31",2,"F","0",1,2,2,1,6,7,2,3,2,2
"422","48",3,"F","0",0,2,1,3,6,2,7,5,6,1
"423","22",2,"M","0",0,4,2,7,7,8,2,7,2,2
"424","32",3,"F","0",1,2,1,1,7,3,5,3,3,2
"425","27",4,"F","0",1,2,6,5,8,9,1,7,2,1
"426","29",2,"F","0",1,2,2,1,7,1,5,2,1,1
"427","30",4,"F","0",0,3,2,2,7,7,3,7,7,6
"428","27",1,"F","0",1,2,2,1,4,1,8,2,1,1
"429","33",3,"F","0",0,2,2,3,7,1,5,2,1,1
"430","36",2,"F","0",0,1,4,3,9,9,2,4,2,2
"431","24",3,"F","0",1,2,2,1,9,6,1,7,4,4
"432","28",4,"F","0",1,2,5,5,9,9,2,7,7,7
"433","26",3,"F","0",0,2,2,2,8,4,6,2,2,1
"434","32",2,"F","0",1,2,4,4,9,7,1,6,2,2
"435","21",2,"F","1",1,2,2,1,8,4,4,3,2,1
"436","25",3,"M","1",0,9,9,9,9,9,1,9,8,8
"437","45",2,"F","0",1,1,1,1,7,1,8,2,1,1
"438","23",3,"F","0",0,1,2,1,9,7,2,9,7,7
"439","20",2,"F","1",0,2,1,1,9,2,7,7,6,5
"440","26",3,"M","0",0,2,5,4,6,5,8,2,2,2
"441","25",4,"F","0",1,2,4,5,4,8,7,6,3,3
"442","32",4,"F","0",1,1,1,1,6,3,5,2,2,2
"443","46",4,"M","0",1,2,1,1,9,5,2,7,6,3
"444","29",4,"F","0",1,2,3,3,7,3,7,2,2,2
"445","30",4,"M","1",1,2,3,8,7,9,1,9,9,9
"446","34",1,"F","0",1,2,2,2,7,5,7,9,2,1
"447","27",3,"M","0",1,2,1,1,6,8,2,7,5,7
"448","25",2,"F","0",1,2,1,1,7,5,3,4,3,2
"449","24",2,"M","0",0,3,2,3,6,6,4,9,9,7
"450","23",2,"F","0",1,2,1,1,2,4,2,7,1,2
"451","24",2,"F","0",1,2,2,1,9,2,2,4,2,1
"452","25",2,"M","1",0,4,3,4,9,9,4,6,6,7
"453","25",2,"F","0",1,2,1,1,9,1,6,5,5,5
"454","23",3,"F","0",0,2,2,1,1,1,9,2,2,2
"455","38",3,"F","0",1,2,5,5,8,5,2,3,3,2
"456","24",2,NA,"1",0,2,2,2,4,1,7,4,2,2
"457","23",3,"F","0",0,1,1,1,9,4,2,3,3,2
"458","23",3,"F","0",1,2,1,1,8,4,5,2,2,1
"459","25",3,"F","1",0,4,7,8,9,8,1,9,7,5
"460","26",3,NA,"1",0,6,9,8,5,8,2,7,4,3
"461","24",2,"M","1",0,2,9,8,8,8,1,7,7,6
"462","20",2,"F","0",0,3,1,3,2,2,8,2,7,4
"463","26",3,"F","0",1,2,1,1,5,7,3,2,2,2
"464","25",4,"F","0",0,2,2,1,7,2,6,3,3,3
"465","22",3,"F","0",1,2,2,1,8,6,3,2,1,2
"466","26",4,"M","0",1,2,2,1,9,6,3,4,3,5
"467","19",2,"F","0",1,2,2,2,9,1,3,2,2,2
"468","22",3,"F","0",1,2,2,1,4,3,6,2,2,3
"469","27",3,"F","0",0,1,1,3,8,6,3,5,5,2
"470","25",3,"F","0",0,2,2,4,9,1,3,7,6,5
"471","26",4,"M","0",1,2,5,4,5,2,3,4,3,2
"472","27",3,"M","0",0,2,4,3,2,1,3,3,2,2
"473","19",2,"F","0",1,2,1,1,9,1,5,1,1,1
"474","26",4,"F","0",0,2,1,3,6,1,3,3,2,6
"475","25",2,"M","0",1,2,2,2,9,7,2,3,3,3
"476","21",2,"F","0",1,2,2,2,3,1,3,2,1,1
"477","25",3,"F","0",1,3,2,7,4,2,6,2,2,1
"478","21",2,"F","1",0,1,1,1,5,4,4,4,2,4
"479","26",4,"F","0",0,6,5,7,5,5,4,7,7,2
"480","26",4,"F","0",0,3,2,6,9,9,1,6,5,8
"481","23",3,"F","0",1,2,1,1,9,8,2,2,2,2
"482","25",2,"M","0",1,2,2,1,7,6,4,8,8,5
"483","24",2,"F","0",1,1,1,1,1,1,9,3,2,7
"484","22",2,"F","0",1,1,1,6,4,1,5,2,2,1
"485","34",3,"F","1",0,2,7,4,6,3,4,3,3,6
"486","28",4,"F","0",1,2,1,1,6,1,4,3,2,2
"487","25",3,"F","0",0,3,3,4,4,5,3,4,4,2
"488","20",2,"F","0",1,2,1,1,1,1,6,2,1,1
"489","26",3,"F","0",0,4,2,8,8,8,2,7,7,7
"490","24",2,"M","0",0,3,5,6,7,4,4,7,5,6
"491","29",4,"F","0",1,2,2,2,7,1,2,2,1,1
"492","24",2,"M","0",1,1,1,1,1,1,6,2,2,2
"493","24",3,"F","0",1,2,2,1,7,2,5,2,2,2
"494","24",3,"F","0",0,2,1,1,7,2,3,5,2,2
"495","42",2,"F","0",0,2,1,8,9,8,1,9,2,2
"496","32",4,"F","0",0,2,1,1,9,5,6,3,3,2
"497","21",2,"F","0",1,1,1,1,3,1,9,2,1,1
"498","24",2,"F","0",1,2,2,1,3,1,9,2,1,2
"499","27",1,"F","0",1,2,2,1,1,1,6,7,7,4
"500","32",4,"F","0",1,2,2,2,5,2,7,5,3,2
"501","24",2,"M","0",0,3,2,3,7,5,3,9,3,6
"502","33",2,"M","0",1,2,2,5,9,7,4,2,2,2
"503","28",2,"F","0",0,2,2,3,8,7,2,3,3,2
"504","23",2,"F","0",1,1,2,1,5,4,4,3,2,7
"505","21",3,NA,"1",0,2,3,2,6,7,2,4,4,2
"506","23",2,"M","0",0,2,3,2,6,3,2,7,8,5
"507","23",3,"F","0",0,2,2,1,7,1,6,9,7,2
"508","22",2,NA,"1",1,6,5,5,9,9,1,9,9,9
"509","25",2,"M","1",0,8,7,8,9,7,1,8,7,8
"510","20",2,"F","1",1,2,1,1,9,6,1,2,2,1
"511","24",3,"M","0",0,2,1,1,7,4,5,9,7,2
"512","18",1,"F","0",0,1,1,1,4,1,7,2,7,3
"513","36",3,"F","0",1,2,1,2,3,2,6,2,1,1
"514","26",2,"M","0",0,1,1,2,5,9,1,6,7,3
"515","24",2,"M","0",0,4,1,6,7,7,3,7,7,7
"516","26",4,"F","0",0,5,3,5,5,1,1,7,3,9
"517","25",3,"M","0",0,1,1,1,3,3,3,3,2,2
"518","40",4,"F","0",0,4,3,2,5,5,3,4,2,2
"519","26",2,"M","0",0,3,2,1,5,7,3,8,6,8
"520","26",4,"M","0",0,6,4,5,9,9,1,4,7,2
"521","21",2,"F","1",0,2,1,1,9,7,4,2,2,2
"522","25",4,"F","1",1,5,1,3,2,4,4,4,2,2
"523","24",2,"M","0",1,6,8,9,9,9,1,8,7,9
"524","24",3,"M","0",1,2,2,1,4,3,5,5,2,2
"525","41",2,"F","1",1,2,2,2,9,9,1,6,2,3
"526","22",3,"F","1",0,2,1,3,6,2,8,8,5,8
"527","23",3,"F","0",0,2,2,2,9,4,1,5,2,2
"528","24",3,"F","0",1,2,2,1,7,1,9,2,2,1
"529","23",3,"M","0",0,3,6,6,9,9,1,7,5,8
"530","25",3,"F","0",1,2,2,2,8,3,3,4,2,2
"531","24",3,"F","0",0,2,1,1,7,4,5,4,2,2
"532","32",4,"F","1",1,3,2,6,4,2,3,3,3,3
"533","23",2,"F","0",1,2,5,3,7,2,4,8,4,2
"534","28",4,"F","0",1,3,2,2,9,2,3,5,5,6
"535","20",2,"F","0",0,1,1,1,6,4,5,7,2,5
"536","30",3,"M","0",0,1,2,2,9,8,1,2,8,2
"537","32",4,"M","0",0,2,2,4,7,8,3,7,7,7
"538","22",2,"F","0",0,2,2,8,9,9,2,2,4,2
"539","20",2,"M","0",0,1,1,1,5,3,8,4,5,4
"540","20",2,"F","1",0,5,1,2,3,1,8,4,2,1
"541","25",3,"F","0",1,2,3,4,9,4,1,5,2,2
"542","23",2,"F","0",1,2,2,1,9,1,1,2,2,2
"543","21",3,"F","1",1,1,1,1,7,1,7,4,1,1
"544","28",4,"M","0",1,2,2,1,5,4,7,8,2,6
"545","24",2,"F","0",0,2,3,6,4,3,2,3,6,3
"546","26",2,"F","0",0,1,6,8,9,9,2,8,8,3
"547","20",2,"M","0",0,6,5,6,9,9,1,8,8,4
"548","20",2,"F","0",1,2,1,1,9,2,5,2,1,2
"549","26",2,"F","0",0,5,3,5,8,7,2,4,3,4
"550","27",2,"M","0",0,3,2,4,9,9,1,4,4,2
"551","24",4,"F","0",1,2,2,6,9,3,8,6,2,2
"552","20",2,"M","0",0,2,2,1,8,7,3,3,3,2
"553","23",3,"F","0",1,3,2,2,6,6,1,5,6,5
"554","26",4,"M","0",1,5,6,6,8,8,2,6,4,9
"555","23",2,"F","0",1,2,4,4,9,6,1,1,1,1
"556","22",3,"F","0",0,2,1,4,8,6,3,6,3,2
"557","23",2,"F","0",1,2,1,1,4,3,2,2,1,2
"558","26",2,"M","0",1,2,2,3,9,6,1,3,6,2
"559","32",2,"M","0",1,2,1,1,3,1,8,7,1,2
"560","20",2,"M","1",1,2,2,1,6,3,4,3,3,4
"561","19",2,"M","1",0,3,2,2,7,8,3,6,4,2
"562","26",3,"M","0",1,2,3,2,5,2,5,7,2,2
"563","25",4,"M","0",0,3,2,2,4,4,8,7,7,5
"564","21",2,"M","1",0,3,1,1,1,1,8,2,2,2
"565","23",3,"F","0",1,4,1,3,7,7,4,3,3,2
"566","29",1,"F","1",0,2,2,5,8,8,1,3,1,1
"567","19",2,"F","0",0,1,2,3,6,2,5,3,6,2
"568","24",2,"M","1",0,1,1,1,6,9,3,8,7,8
"569","24",3,"M","0",0,2,2,2,9,8,1,8,6,7
"570","23",2,"F","0",0,4,3,3,9,5,1,7,5,5
"571","19",2,"F","1",1,3,1,2,3,3,9,4,2,2
"572","23",2,"F","0",1,2,1,1,2,1,9,2,1,1
"573","26",3,"M","0",1,3,2,3,7,8,2,7,2,3
"574","24",2,"M","0",1,2,2,1,1,3,7,8,2,1
"575","24",2,"F","0",1,3,2,3,9,7,1,3,3,2
"576","29",2,"M","0",0,1,1,1,1,1,3,4,1,2
"577","26",3,"F","0",1,2,2,1,6,4,6,1,1,1
"578","25",4,"F","0",0,1,3,4,5,3,1,7,2,3
"579","25",2,"M","0",0,2,6,4,7,7,3,7,7,5
"580","26",2,"M","0",0,3,2,2,6,8,2,9,9,9
"581","24",3,"F","0",1,1,2,1,2,1,9,1,1,1
"582","31",2,"M","0",1,1,1,1,9,9,1,9,9,9
"583","23",3,"F","0",0,5,2,3,5,3,4,7,2,2
"584","23",3,"M","0",1,2,2,3,8,7,3,2,2,2
"585","45",4,"M","0",1,2,2,2,7,7,5,8,2,2
"586","16",1,"F","1",0,3,2,2,9,6,2,7,7,2
"587","22",2,"F","0",1,2,2,2,8,2,5,2,2,2
"588","23",3,"F","0",1,2,1,1,1,1,9,4,3,2
"589","25",2,"M","0",0,3,5,6,8,8,2,7,5,6
"590","21",3,NA,"1",0,3,2,2,9,5,4,7,7,8
"591","24",3,"F","0",1,2,3,3,5,3,3,3,2,1
"592","18",2,"F","0",1,5,2,2,7,9,1,2,2,2
"593","24",4,"F","0",1,2,1,1,4,4,7,3,2,2
"594","28",4,"F","0",0,3,1,3,9,9,1,3,2,2
"595","22",2,"M","0",0,2,2,2,6,7,4,2,2,7
"596","24",3,"F","0",0,1,1,1,5,2,7,6,4,5
"597","24",3,"F","0",1,2,2,2,9,5,1,2,2,2
"598","24",3,"F","0",1,2,2,5,9,4,1,4,2,2
"599","23",3,"F","0",1,4,2,3,9,9,1,2,2,3
"600","26",3,"F","0",1,2,4,5,7,5,2,4,3,3
"601","23",3,"F","0",0,3,2,3,5,1,2,9,7,5
"602","24",3,"F","0",1,2,1,1,5,3,5,5,2,1
"603","25",3,"F","1",0,4,2,3,9,7,1,6,6,6
"604","22",3,"F","0",0,1,1,1,5,3,3,4,4,2
"605","22",3,"F","0",0,4,2,6,9,9,1,3,7,6
"606","23",3,"F","0",1,2,1,1,9,5,2,3,2,2
"607","34",2,"F","0",1,1,1,1,5,1,8,4,1,2
"608","26",3,"F","0",1,2,1,1,9,8,1,5,4,4
"609","29",2,"F","0",1,2,2,5,9,7,2,4,6,2
"610","35",4,"M","0",1,6,1,2,9,4,3,7,7,7
"611","23",3,"F","0",0,4,6,6,9,7,1,3,5,4
"612","31",3,"F","1",0,2,2,5,9,6,5,3,2,2
"613","39",3,"M","1",0,3,1,1,5,6,4,8,4,5
"614","38",4,"F","0",1,2,2,2,9,1,2,2,1,2
"615","25",3,NA,"1",0,1,1,1,1,1,9,2,2,1
"616","29",3,"F","1",1,2,4,3,5,5,3,2,2,2
"617","23",3,"F","1",1,1,5,7,7,7,3,1,1,2
"618","24",3,"F","0",1,4,2,3,8,1,1,3,2,4
"619","28",3,"F","0",0,1,2,4,9,5,1,3,3,2
"620","25",2,"F","1",1,2,4,4,5,3,5,2,2,2
"621","22",3,"F","0",1,2,2,4,9,7,1,7,4,4
"622","23",3,"F","0",0,2,2,3,8,3,7,2,2,2
"623","20",2,"M","0",1,2,1,1,9,5,8,8,6,7
"624","51",2,"F","0",1,2,1,1,1,1,9,1,1,1
"625","21",2,"F","0",1,2,2,1,7,4,4,3,2,2
"626","34",2,"M","0",0,1,2,1,5,1,3,6,7,7
"627","22",3,"F","0",1,2,1,1,5,1,9,3,2,2
"628","23",3,"F","0",1,3,2,4,9,7,2,8,6,2
"629","27",4,"M","0",1,6,3,5,9,9,1,2,1,2
"630","43",2,"F","1",1,1,1,1,7,5,5,2,2,1
"631","30",2,"F","1",0,4,2,8,9,9,2,6,5,2
"632","27",2,"M","0",1,2,2,4,9,9,1,9,7,9
"633","34",2,"F","0",0,2,4,6,7,1,9,6,4,3
"634","25",3,"F","0",1,2,3,5,2,2,7,2,2,4
"635","32",4,"F","0",0,3,8,8,9,9,1,5,3,3
"636","24",2,"M","0",0,1,1,1,7,1,3,5,2,5
"637","27",4,"F","0",1,2,1,2,6,1,5,4,2,2
"638","22",2,"F","0",1,2,2,3,6,3,2,1,1,1
"639","33",4,"F","1",1,2,2,2,6,2,4,4,4,2
"640","43",4,"F","0",1,2,1,1,8,6,2,2,2,2
"641","19",2,"F","0",1,2,1,1,7,3,9,1,1,1
"642","23",3,"M","0",1,2,1,1,8,4,5,5,2,6
"643","25",2,"F","0",1,2,1,3,9,5,6,3,1,9
"644","24",3,"F","0",1,2,2,1,8,4,3,2,2,1
"645","21",2,"F","0",1,2,1,1,9,6,2,3,4,1
"646","23",2,"F","0",0,2,2,2,8,1,6,2,2,2
"647","30",4,"F","0",1,2,2,2,5,3,4,3,2,2
"648","24",3,"F","1",1,2,1,1,5,2,3,2,2,1
"649","29",3,"F","1",1,2,8,8,9,1,3,1,1,1
"650","27",3,"F","0",0,4,7,8,9,8,3,7,3,5
"651","24",2,"F","0",0,1,2,1,1,1,9,7,2,2
"652","45",3,"F","1",0,2,2,3,7,6,4,2,2,2
"653","32",4,"F","0",0,2,1,1,8,4,4,5,5,7
"654","20",2,"M","0",1,3,1,3,5,6,4,8,1,2
"655","24",2,"F","0",1,2,1,1,9,2,6,2,2,2
"656","24",2,"F","0",0,1,1,1,7,1,3,3,2,2
"657","25",2,"F","0",1,1,1,1,1,1,9,3,2,3
"658","24",3,"F","0",1,2,1,3,4,1,3,1,1,1
"659","20",2,"F","0",0,1,1,1,4,2,7,5,3,3
"660",NA,2,"F","0",1,2,2,4,4,3,4,2,2,1
"661","38",2,"F","0",1,1,4,4,1,1,4,2,1,2
"662","22",3,"F","1",1,2,1,1,5,3,3,4,4,4
"663","22",3,"F","0",1,1,1,1,8,5,4,5,2,6
"664","25",3,"F","0",0,5,3,4,7,7,2,8,7,4
"665","22",3,"F","1",1,2,1,1,7,3,1,4,4,4
"666","22",3,"F","1",0,2,2,1,6,2,7,4,3,4
"667","23",3,"F","0",1,2,1,1,9,4,1,6,7,3
"668","23",3,"M","1",0,9,9,9,9,9,1,8,8,7
"669","23",3,"F","0",1,2,1,1,9,3,1,7,7,7
"670","22",3,"F","1",0,3,1,3,8,5,2,6,7,5
"671","25",3,"M","0",1,2,2,1,5,4,7,1,1,1
"672","24",2,"M","0",0,2,2,1,9,8,1,4,4,8
"673","25",4,NA,"1",1,2,3,3,9,7,2,8,8,8
"674","48",2,"F","0",1,1,1,1,5,4,6,3,1,2
"675","23",3,"M","0",0,5,3,4,9,7,1,8,7,7
"676","34",4,"F","0",0,1,1,2,8,5,4,5,2,2
"677","33",3,"F","0",0,1,4,1,4,1,9,2,2,2
"678","41",3,"F","0",1,2,2,1,9,5,1,4,2,4
"679","31",4,"F","0",0,2,2,1,8,6,6,4,2,3
"680","29",4,"F","0",1,2,2,3,2,1,3,2,1,1
"681","25",2,"M","0",1,2,2,2,7,2,1,2,1,2
"682","18",1,"F","0",1,2,1,1,1,1,3,2,1,1
"683","34",3,"F","0",0,1,3,3,9,9,3,2,2,2
"684","21",2,"F","0",0,6,6,7,9,9,1,7,7,6
"685","40",3,"M","0",0,7,7,7,6,5,5,8,8,7
"686","25",4,NA,"1",0,1,1,1,3,1,9,1,1,1
"687","33",2,"F","0",1,2,5,7,9,1,4,5,4,4
"688","25",1,"F","0",1,1,1,1,1,1,1,2,2,2
"689","31",2,"M","0",0,4,3,3,8,9,6,7,7,5
"690","22",3,"F","1",1,3,1,3,7,6,4,6,3,3
"691","30",4,"M","0",0,3,3,3,5,4,2,2,3,1
"692","24",3,"F","0",1,2,3,3,8,3,6,3,2,3
"693","23",3,"F","0",1,2,3,3,9,3,2,4,4,4
"694","22",3,"F","0",1,2,2,1,9,4,3,4,2,2
"695","23",3,"F","1",1,2,2,1,9,3,7,3,2,2
"696","24",3,"F","0",1,2,1,2,9,5,7,3,2,2
"697","24",3,"F","1",1,3,4,7,9,8,1,7,5,4
"698","25",3,"M","1",1,3,2,2,6,6,4,6,2,6
"699","23",3,"F","0",1,2,1,1,7,2,6,2,6,3
"700","22",3,"F","0",0,3,7,2,9,9,1,7,7,8
"701","25",2,"F","0",1,2,1,1,6,2,4,4,4,3
"702","23",3,"F","0",1,2,2,4,5,3,5,2,2,2
"703","23",2,"M","0",0,5,2,5,7,9,1,7,2,2
"704","24",3,"F","0",0,7,6,5,5,5,1,6,5,1
"705","23",2,"M","0",0,1,2,3,9,9,5,9,3,8
"706","26",3,"F","0",0,4,2,2,4,2,4,2,3,1
"707","42",3,"F","0",1,3,2,1,1,2,8,2,1,2
"708","26",4,"F","0",1,2,1,1,9,4,5,4,3,3
"709","23",3,"F","0",0,1,1,1,7,4,6,8,1,3
"710","20",2,"F","0",1,2,2,3,2,1,1,2,2,2
"711","23",3,"M","0",0,2,2,3,8,6,1,8,5,7
"712","23",3,"F","0",1,2,1,1,9,1,9,7,2,2
"713","25",4,"F","0",1,4,3,3,8,7,2,6,4,2
